+++++++++++++++++ HEADER ++++++++++++++++++++
+++++++++++++++++ HEADER ++++++++++++++++++++
+++++++++++++++++ HEADER ++++++++++++++++++++
+++++++++++++++++ HEADER ++++++++++++++++++++
+++++++++++++++++ HEADER ++++++++++++++++++++
+++++++++++++++++ HEADER ++++++++++++++++++++
+++++++++++++++++ HEADER ++++++++++++++++++++
+++++++++++++++++ HEADER ++++++++++++++++++++
+++++++++++++++++ HEADER ++++++++++++++++++++
+++++++++++++++++ HEADER ++++++++++++++++++++
+++++++++++++++++ HEADER ++++++++++++++++++++
5
31
31
31
31
31

20040101 080000
20040102 080000
   8.2500
  58.3833
   8.2500
  58.3833
1
     0.000
   100.000
4000
1
1
1
1
1
rel_bj

20040108 080000
20040109 080000
   8.2500
  58.3833
   8.2500
  58.3833
1
     0.000
   100.000
4000
1
1
1
1
1
rel_bj

20040115 080000
20040116 080000
   8.2500
  58.3833
   8.2500
  58.3833
1
     0.000
   100.000
4000
1
1
1
1
1
rel_bj

20040122 080000
20040123 080000
   8.2500
  58.3833
   8.2500
  58.3833
1
     0.000
   100.000
4000
1
1
1
1
1
rel_bj

20040129 080000
20040130 080000
   8.2500
  58.3833
   8.2500
  58.3833
1
     0.000
   100.000
4000
1
1
1
1
1
rel_bj

20040205 080000
20040206 080000
   8.2500
  58.3833
   8.2500
  58.3833
1
     0.000
   100.000
4000
1
1
1
1
1
rel_bj

20040212 080000
20040213 080000
   8.2500
  58.3833
   8.2500
  58.3833
1
     0.000
   100.000
4000
1
1
1
1
1
rel_bj

20040219 080000
20040220 080000
   8.2500
  58.3833
   8.2500
  58.3833
1
     0.000
   100.000
4000
1
1
1
1
1
rel_bj

20040226 080000
20040227 080000
   8.2500
  58.3833
   8.2500
  58.3833
1
     0.000
   100.000
4000
1
1
1
1
1
rel_bj

20040304 080000
20040305 080000
   8.2500
  58.3833
   8.2500
  58.3833
1
     0.000
   100.000
4000
1
1
1
1
1
rel_bj

20040311 080000
20040312 080000
   8.2500
  58.3833
   8.2500
  58.3833
1
     0.000
   100.000
4000
1
1
1
1
1
rel_bj

20040318 080000
20040319 080000
   8.2500
  58.3833
   8.2500
  58.3833
1
     0.000
   100.000
4000
1
1
1
1
1
rel_bj

20040325 080000
20040326 080000
   8.2500
  58.3833
   8.2500
  58.3833
1
     0.000
   100.000
4000
1
1
1
1
1
rel_bj

20040401 080000
20040402 080000
   8.2500
  58.3833
   8.2500
  58.3833
1
     0.000
   100.000
4000
1
1
1
1
1
rel_bj

20040408 080000
20040409 080000
   8.2500
  58.3833
   8.2500
  58.3833
1
     0.000
   100.000
4000
1
1
1
1
1
rel_bj

20040415 080000
20040416 080000
   8.2500
  58.3833
   8.2500
  58.3833
1
     0.000
   100.000
4000
1
1
1
1
1
rel_bj

20040422 080000
20040423 080000
   8.2500
  58.3833
   8.2500
  58.3833
1
     0.000
   100.000
4000
1
1
1
1
1
rel_bj

20040429 080000
20040430 080000
   8.2500
  58.3833
   8.2500
  58.3833
1
     0.000
   100.000
4000
1
1
1
1
1
rel_bj

20040609 080000
20040610 080000
   8.2500
  58.3833
   8.2500
  58.3833
1
     0.000
   100.000
4000
1
1
1
1
1
rel_bj

20040610 080000
20040611 080000
   8.2500
  58.3833
   8.2500
  58.3833
1
     0.000
   100.000
4000
1
1
1
1
1
rel_bj

20040617 080000
20040618 080000
   8.2500
  58.3833
   8.2500
  58.3833
1
     0.000
   100.000
4000
1
1
1
1
1
rel_bj

20040624 080000
20040625 080000
   8.2500
  58.3833
   8.2500
  58.3833
1
     0.000
   100.000
4000
1
1
1
1
1
rel_bj

20040701 080000
20040702 080000
   8.2500
  58.3833
   8.2500
  58.3833
1
     0.000
   100.000
4000
1
1
1
1
1
rel_bj

20040708 080000
20040709 080000
   8.2500
  58.3833
   8.2500
  58.3833
1
     0.000
   100.000
4000
1
1
1
1
1
rel_bj

20040715 080000
20040716 080000
   8.2500
  58.3833
   8.2500
  58.3833
1
     0.000
   100.000
4000
1
1
1
1
1
rel_bj

20040722 080000
20040723 080000
   8.2500
  58.3833
   8.2500
  58.3833
1
     0.000
   100.000
4000
1
1
1
1
1
rel_bj

20040729 080000
20040730 080000
   8.2500
  58.3833
   8.2500
  58.3833
1
     0.000
   100.000
4000
1
1
1
1
1
rel_bj

20040805 080000
20040806 080000
   8.2500
  58.3833
   8.2500
  58.3833
1
     0.000
   100.000
4000
1
1
1
1
1
rel_bj

20040812 080000
20040813 080000
   8.2500
  58.3833
   8.2500
  58.3833
1
     0.000
   100.000
4000
1
1
1
1
1
rel_bj

20040819 080000
20040820 080000
   8.2500
  58.3833
   8.2500
  58.3833
1
     0.000
   100.000
4000
1
1
1
1
1
rel_bj

20040826 080000
20040827 080000
   8.2500
  58.3833
   8.2500
  58.3833
1
     0.000
   100.000
4000
1
1
1
1
1
rel_bj

20040902 080000
20040903 080000
   8.2500
  58.3833
   8.2500
  58.3833
1
     0.000
   100.000
4000
1
1
1
1
1
rel_bj

20040909 080000
20040910 080000
   8.2500
  58.3833
   8.2500
  58.3833
1
     0.000
   100.000
4000
1
1
1
1
1
rel_bj

20040916 080000
20040917 080000
   8.2500
  58.3833
   8.2500
  58.3833
1
     0.000
   100.000
4000
1
1
1
1
1
rel_bj

20040923 080000
20040924 080000
   8.2500
  58.3833
   8.2500
  58.3833
1
     0.000
   100.000
4000
1
1
1
1
1
rel_bj

20040930 080000
20041001 080000
   8.2500
  58.3833
   8.2500
  58.3833
1
     0.000
   100.000
4000
1
1
1
1
1
rel_bj

20041007 080000
20041008 080000
   8.2500
  58.3833
   8.2500
  58.3833
1
     0.000
   100.000
4000
1
1
1
1
1
rel_bj

20041014 080000
20041015 080000
   8.2500
  58.3833
   8.2500
  58.3833
1
     0.000
   100.000
4000
1
1
1
1
1
rel_bj

20041021 080000
20041022 080000
   8.2500
  58.3833
   8.2500
  58.3833
1
     0.000
   100.000
4000
1
1
1
1
1
rel_bj

20041028 080000
20041029 080000
   8.2500
  58.3833
   8.2500
  58.3833
1
     0.000
   100.000
4000
1
1
1
1
1
rel_bj

20041104 080000
20041105 080000
   8.2500
  58.3833
   8.2500
  58.3833
1
     0.000
   100.000
4000
1
1
1
1
1
rel_bj

20041111 080000
20041112 080000
   8.2500
  58.3833
   8.2500
  58.3833
1
     0.000
   100.000
4000
1
1
1
1
1
rel_bj

20041118 080000
20041119 080000
   8.2500
  58.3833
   8.2500
  58.3833
1
     0.000
   100.000
4000
1
1
1
1
1
rel_bj

20041124 080000
20041125 080000
   8.2500
  58.3833
   8.2500
  58.3833
1
     0.000
   100.000
4000
1
1
1
1
1
rel_bj

20041125 080000
20041126 080000
   8.2500
  58.3833
   8.2500
  58.3833
1
     0.000
   100.000
4000
1
1
1
1
1
rel_bj

20041208 080000
20041209 080000
   8.2500
  58.3833
   8.2500
  58.3833
1
     0.000
   100.000
4000
1
1
1
1
1
rel_bj

20041209 080000
20041210 080000
   8.2500
  58.3833
   8.2500
  58.3833
1
     0.000
   100.000
4000
1
1
1
1
1
rel_bj

20041216 080000
20041217 080000
   8.2500
  58.3833
   8.2500
  58.3833
1
     0.000
   100.000
4000
1
1
1
1
1
rel_bj

20041223 080000
20041224 080000
   8.2500
  58.3833
   8.2500
  58.3833
1
     0.000
   100.000
4000
1
1
1
1
1
rel_bj

20041230 080000
20041231 080000
   8.2500
  58.3833
   8.2500
  58.3833
1
     0.000
   100.000
4000
1
1
1
1
1
rel_bj

